URL,Version,Status,OIDs,Name,Title,Description,Uses,Used,Sources
http://hl7.org/fhir/ValueSet/administrative-gender,0.1.0,active,"2.16.840.1.113883.4.642.3.1",AdministrativeGender,AdministrativeGender,"The gender of a person used for administrative purposes.",,"@hl7/hl7.fhir.r4.core"
http://hl7.org/fhir/ValueSet/currencies,0.1.0,active,"2.16.840.1.113883.4.642.3.1025",Currencies,CurrencyCode,"Currency codes from ISO 4217 (see https://www.iso.org/iso-4217-currency-codes.html)",,"Internal"
http://hl7.org/fhir/ValueSet/iso3166-1-2,0.1.0,active,,Iso3166-1-2,Iso 3166 Part 1: 2 Letter Codes,"This value set defines the ISO 3166 Part 1 2-letter codes",,"Internal"
http://hl7.org/fhir/ValueSet/languages,0.1.0,draft,"2.16.840.1.113883.4.642.3.20",CommonLanguages,Common Languages,"This value set includes common codes from BCP-47 (http://tools.ietf.org/html/bcp47)",,"Other"
http://hl7.org/fhir/ValueSet/name-use,0.1.0,active,"2.16.840.1.113883.4.642.3.65",NameUse,NameUse,"The use of a human name.",,"@hl7/hl7.fhir.r4.core"
http://ihris.org/fhir/ValueSet/address-type,0.1.0,active,"2.16.840.1.113883.4.642.3.69",AddressType,AddressType,"The type of an address (physical / postal).",,"@hl7/hl7.fhir.r4.core"
http://ihris.org/fhir/ValueSet/address-use,0.1.0,active,"2.16.840.1.113883.4.642.3.67",AddressUse,AddressUse,"The use of an address.",,"@hl7/hl7.fhir.r4.core"
http://ihris.org/fhir/ValueSet/c80-practice-codes,0.1.0,active,"2.16.840.1.113883.3.88.12.80.72",PracticeSettingCodeValueSet,Practice Setting Code Value Set,"This is the code representing the clinical specialty of the clinician or provider who interacted with, treated, or provided a service to/for the patient. The value set used for clinical specialty has been limited by HITSP to the value set reproduced from HITSP C80 Table 2-149 Clinical Specialty Value Set Definition.",,"SCT"
http://ihris.org/fhir/ValueSet/contact-point-system,0.1.0,active,"2.16.840.1.113883.4.642.3.71",ContactPointSystem,ContactPointSystem,"Telecommunications form for contact point.",,"@hl7/hl7.fhir.r4.core"
http://ihris.org/fhir/ValueSet/contact-point-use,0.1.0,active,"2.16.840.1.113883.4.642.3.73",ContactPointUse,ContactPointUse,"Use of contact point.",,"@hl7/hl7.fhir.r4.core"
http://ihris.org/fhir/ValueSet/contactentity-type,0.1.0,draft,"2.16.840.1.113883.4.642.3.416",ContactEntityType,Contact entity type,"This example value set defines a set of codes that can be used to indicate the purpose for which you would contact a contact party.",,"THO"
http://ihris.org/fhir/ValueSet/days-of-week,0.1.0,active,"2.16.840.1.113883.4.642.3.512",DaysOfWeek,DaysOfWeek,"The days of the week.",,"@hl7/hl7.fhir.r4.core"
http://ihris.org/fhir/ValueSet/identifier-type,0.1.0,active,"2.16.840.1.113883.4.642.3.45",IdentifierType,IdentifierType,"A coded type for an identifier that can be used to determine which identifier to use for a specific purpose.",,"THO (V2)"
http://ihris.org/fhir/ValueSet/identifier-use,0.1.0,active,"2.16.840.1.113883.4.642.3.57",IdentifierUse,IdentifierUse,"Identifies the purpose for this identifier, if known .",,"@hl7/hl7.fhir.r4.core"
http://ihris.org/fhir/ValueSet/ihris-cadre,0.1.0,active,,IhrisCadre,iHRIS Cadre,"Sample iHRIS ValueSet for: IhrisCadre",,"Internal"
http://ihris.org/fhir/ValueSet/ihris-classification,0.1.0,active,,IhrisClassification,iHRIS Classification,"Sample iHRIS ValueSet for: IhrisClassification",,"Internal"
http://ihris.org/fhir/ValueSet/ihris-document-category,0.1.0,active,,IhrisDocumentCategoryValueSet,Code system for document categories.,"",,"Internal"
http://ihris.org/fhir/ValueSet/ihris-job,0.1.0,active,,IhrisJob,iHRIS Job,"Sample iHRIS ValueSet for: IhrisJob",,"Internal"
http://ihris.org/fhir/ValueSet/ihris-resource-valueset,0.1.0,active,,IhrisResourceValueSet,Value Set for iHRIS Basic Resources.,"",,"Internal"
http://ihris.org/fhir/ValueSet/ihris-salary-grade,0.1.0,active,,IhrisSalaryGrade,iHRIS Salary Grade,"Sample iHRIS ValueSet for: iHRISSalaryGrade",,"Internal"
http://ihris.org/fhir/ValueSet/ihris-task-permission,0.1.0,active,,IhrisTaskPermissionValueSet,Code system for task permissions.,"",,"Internal"
http://ihris.org/fhir/ValueSet/ihris-task-resource,0.1.0,active,,IhrisTaskResourceValueSet,Code system for task permissions.,"",,"Internal"
http://ihris.org/fhir/ValueSet/location-mode,0.1.0,draft,"2.16.840.1.113883.4.642.3.330",LocationMode,LocationMode,"Indicates whether a resource instance represents a specific location or a class of locations.",,"@hl7/hl7.fhir.r4.core"
http://ihris.org/fhir/ValueSet/location-physical-type,0.1.0,draft,"2.16.840.1.113883.4.642.3.328",LocationType,Location type,"This example value set defines a set of codes that can be used to indicate the physical form of the Location.",,"THO"
http://ihris.org/fhir/ValueSet/location-status,0.1.0,draft,"2.16.840.1.113883.4.642.3.332",LocationStatus,LocationStatus,"Indicates whether the location is still in use.",,"@hl7/hl7.fhir.r4.core"
http://ihris.org/fhir/ValueSet/organization-type,0.1.0,draft,"2.16.840.1.113883.4.642.3.414",OrganizationType,Organization type,"This example value set defines a set of codes that can be used to indicate a type of organization.",,"THO"
http://ihris.org/fhir/ValueSet/service-category,0.1.0,draft,"2.16.840.1.113883.4.642.3.516",ServiceCategory,Service category,"This value set defines an example set of codes that can be used to classify groupings of service-types/specialties.",,"THO"
http://ihris.org/fhir/ValueSet/service-provision-conditions,0.1.0,draft,"2.16.840.1.113883.4.642.3.514",ServiceProvisionConditions,ServiceProvisionConditions,"The code(s) that detail the conditions under which the healthcare service is available/offered.",,"THO"
http://ihris.org/fhir/ValueSet/service-type,0.1.0,draft,"2.16.840.1.113883.4.642.3.518",ServiceType,Service type,"This value set defines an example set of codes of service-types.",,"THO"
http://terminology.hl7.org/ValueSet/v2-0360,0.1.0,active,"2.16.840.1.113883.21.236",Hl7VSDegreeLicenseCertificate,hl7VS-degreeLicenseCertificate,"Concepts specifying an educational degree (e.g., MD).  Used in the CNN datatype (names and identifiers of clinicians) in Version 2 messaging.  Used in Version 2 messaging; note that in releases of HL7 prior to 2.3.1, was also used in person names (XPN), but this use was deprecated, then withdrawn in 2.7.",,"THO (V2)"
http://terminology.hl7.org/ValueSet/v3-ServiceDeliveryLocationRoleType,0.1.0,active,"2.16.840.1.113883.1.11.17660",V3_ServiceDeliveryLocationRoleType,V3 Value SetServiceDeliveryLocationRoleType," A role of a place that further classifies the setting (e.g., accident site, road side, work site, community location) in which services are delivered.",,"THO (V3)"
